[SETTINGS]
#cell_size(width)	cell_size(height)	num_col_cells	num_row_cells
50	50	2576	464
# type :0 = Mario , 1 = Brick, 2 = Goomba, 3 = Koopas, 4 = NoCollisionObjects, 5= RECT, 6=PIPE NORMAL, 7= koopas xanh_bay, 8= koopas ??_b?, 9= koopas ??_bay, 10=Coin NORMAL, 11=Goomba red bay, 12= Fire Bullet,13= FLOWER RED,14=Flower Bullet, 15=COIN CAN MOVE, 16=Leaf ,17=Mushroom Red,18=Question Brick Have Leaf, 19=Mushroom Green ,20=Question Brick Just Have Mushroom , 21= FLOWER GREEN , 22= FLOWER GREEN CAN SHOOT , 23= BREAKABLE BRICK , 24=BELL
#	25=HUD PANEL , 26=MARIO_LUIGI_HUD , 27=LIFE, 28= MONEY, 29=SCORE , 30=TIME_PICKER , 31= WORLD , 32=STACK NORMAL, 33=STACK MAX, 34=ITEM , 35= black black , 36=special item
#	37=PIPE DOWN , 38= PIPE UP , 39= SCORE AND 1VP ,40= WORDS END SCENE COURSE CLEAR , 41=WORDS END SCENE YOU GOT A CARD , 42=WORDS END SCENE ITEM
#	43= GACH BE ANIMATION TYPE LEFT TOP, 44= GACH BE ANIMATION TYPE RIGHT TOP, 45= GACH BE ANIMATION TYPE RIGHT BOTTOM, 46= GACH BE ANIMATION TYPE LEFT BOTTOM
#Obj_type	index_col	index_row	ani_set
[OBJECTS]
#==== WORDS END SCENE 1			
40	2913	0	1140
41	2893	30	1140
42	3025	20	1140
#==== SPECIAL ITEMS	265		
36	2953	82	108
#==== END FINALBACKGROUND======			
#Gach ham			
#BRICK			
1	1465	1166	404
1	1481	1166	404
1	1497	1166	404
1	1513	1166	404
1	1529	1166	404
1	1545	1166	404
1	1561	1166	404
1	1577	1166	404
1	1593	1166	404
1	1609	1166	404
1	1625	1166	404
1	1641	1166	404
1	1657	1166	404
1	1673	1166	404
1	1689	1166	404
1	1705	1166	404
1	1721	1166	404
1	1737	1166	404
1	1753	1166	404
1	1769	1166	404
1	1785	1166	404
1	1801	1166	404
1	1817	1166	404
1	1833	1166	404
1	1849	1166	404
1	1865	1166	404
1	1881	1166	404
1	1897	1166	404
1	1913	1166	404
1	1929	1166	404
1	1945	1166	404
1	1961	1166	404
#BRICK 2			
1	1465	1150	404
1	1481	1150	404
1	1497	1150	404
1	1513	1150	404
1	1529	1150	404
1	1545	1150	404
1	1561	1150	404
1	1577	1150	404
1	1593	1150	404
1	1609	1150	404
1	1625	1150	404
1	1641	1150	404
1	1657	1150	404
1	1673	1150	404
1	1689	1150	404
1	1705	1150	404
1	1721	1150	404
1	1737	1150	404
1	1753	1150	404
1	1769	1150	404
1	1785	1150	404
1	1801	1150	404
1	1817	1150	404
1	1833	1150	404
1	1849	1150	404
1	1865	1150	404
1	1881	1150	404
1	1897	1150	404
1	1913	1150	404
1	1929	1150	404
1	1945	1150	404
1	1961	1150	404
# BRICK 3			
1	1465	1134	404
1	1481	1134	404
1	1497	1134	404
1	1513	1134	404
1	1529	1134	404
1	1545	1134	404
1	1561	1134	404
1	1577	1134	404
1	1593	1134	404
1	1609	1134	404
1	1625	1134	404
1	1641	1134	404
1	1657	1134	404
1	1673	1134	404
1	1689	1134	404
1	1705	1134	404
1	1721	1134	404
1	1737	1134	404
1	1753	1134	404
1	1769	1134	404
1	1785	1134	404
1	1801	1134	404
1	1817	1134	404
1	1833	1134	404
1	1849	1134	404
1	1865	1134	404
1	1881	1134	404
1	1897	1134	404
1	1913	1134	404
1	1929	1134	404
1	1945	1134	404
1	1961	1134	404
#BRICK 4			
1	1465	1118	404
1	1481	1118	404
1	1497	1118	404
1	1513	1118	404
1	1529	1118	404
1	1545	1118	404
1	1561	1118	404
1	1577	1118	404
1	1737	1118	404
1	1753	1118	404
1	1769	1118	404
1	1785	1118	404
1	1801	1118	404
1	1817	1118	404
1	1833	1118	404
1	1849	1118	404
1	1865	1118	404
1	1881	1118	404
1	1897	1118	404
1	1913	1118	404
1	1929	1118	404
1	1945	1118	404
1	1961	1118	404
#BRICK 5 	265		
1	1465	1102	404
1	1481	1102	404
1	1497	1102	404
1	1513	1102	404
1	1529	1102	404
1	1545	1102	404
1	1561	1102	404
1	1577	1102	404
1	1753	1102	404
1	1769	1102	404
1	1785	1102	404
1	1801	1102	404
1	1817	1102	404
1	1833	1102	404
1	1849	1102	404
1	1865	1102	404
1	1881	1102	404
1	1897	1102	404
1	1913	1102	404
1	1929	1102	404
1	1945	1102	404
1	1961	1102	404
#BRICK 6	265		
1	1465	1086	404
1	1481	1086	404
1	1497	1086	404
1	1513	1086	404
1	1529	1086	404
1	1545	1086	404
1	1561	1086	404
1	1577	1086	404
1	1769	1086	404
1	1785	1086	404
1	1801	1086	404
1	1817	1086	404
1	1833	1086	404
1	1849	1086	404
1	1865	1086	404
1	1881	1086	404
1	1897	1086	404
1	1913	1086	404
1	1929	1086	404
1	1945	1086	404
1	1961	1086	404
#BRICK 7	265		
1	1465	1070	404
1	1481	1070	404
1	1497	1070	404
1	1513	1070	404
1	1529	1070	404
1	1545	1070	404
1	1561	1070	404
1	1577	1070	404
1	1785	1070	404
1	1801	1070	404
1	1817	1070	404
1	1833	1070	404
1	1849	1070	404
1	1865	1070	404
1	1881	1070	404
1	1897	1070	404
1	1913	1070	404
1	1929	1070	404
1	1945	1070	404
1	1961	1070	404
#BRICK 8	265		
1	1465	1054	404
1	1481	1054	404
1	1497	1054	404
1	1513	1054	404
1	1529	1054	404
1	1545	1054	404
1	1561	1054	404
1	1577	1054	404
1	1801	1054	404
1	1817	1054	404
1	1833	1054	404
1	1849	1054	404
1	1865	1054	404
1	1881	1054	404
1	1897	1054	404
1	1913	1054	404
1	1929	1054	404
1	1945	1054	404
1	1961	1054	404
1	1465	1038	404
1	1481	1038	404
1	1497	1038	404
1	1513	1038	404
1	1529	1038	404
1	1545	1038	404
1	1561	1038	404
1	1577	1038	404
#1	1833	1038	404
1	1849	1038	404
1	1865	1038	404
1	1881	1038	404
1	1897	1038	404
1	1913	1038	404
1	1929	1038	404
1	1945	1038	404
1	1961	1038	404
1	1465	1022	404
1	1481	1022	404
1	1497	1022	404
1	1513	1022	404
1	1529	1022	404
1	1545	1022	404
1	1561	1022	404
1	1577	1022	404
#1	1833	1022	404
1	1849	1022	404
1	1865	1022	404
1	1881	1022	404
1	1897	1022	404
1	1913	1022	404
1	1929	1022	404
1	1945	1022	404
1	1961	1022	404
1	1465	1006	404
1	1481	1006	404
1	1497	1006	404
1	1513	1006	404
1	1529	1006	404
1	1545	1006	404
1	1561	1006	404
1	1577	1006	404
#1	1833	1006	404
1	1849	1006	404
1	1865	1006	404
1	1881	1006	404
1	1897	1006	404
1	1913	1006	404
1	1929	1006	404
1	1945	1006	404
1	1961	1006	404
1	1465	990	404
1	1481	990	404
1	1497	990	404
1	1513	990	404
1	1529	990	404
1	1545	990	404
1	1561	990	404
1	1577	990	404
1	1625	990	404
1	1641	990	404
1	1657	990	404
1	1673	990	404
1	1689	990	404
1	1705	990	404
1	1721	990	404
1	1737	990	404
1	1753	990	404
1	1769	990	404
1	1785	990	404
1	1801	990	404
1	1849	990	404
1	1865	990	404
1	1881	990	404
1	1897	990	404
1	1913	990	404
1	1929	990	404
1	1945	990	404
1	1961	990	404
#coin	265		
10	1689	1010	209
10	1705	1010	209
10	1673	1026	209
10	1721	1026	209
10	1721	1042	209
10	1689	1058	209
10	1705	1058	209
10	1721	1074	209
10	1673	1090	209
10	1721	1090	209
10	1689	1106	209
10	1705	1106	209
############	265		
#==== DONG TIEN	265		
#==== DONG TIEN CHEO	265		
10	1337	54	209
10	1370	23	209
10	1402	-9	209
10	1434	-41	209
10	1466	-73	209
#==== 3 HANG DONG TIEN	265		
#==== HANG 1	265		
10	1594	-185	209
10	1610	-185	209
10	1626	-185	209
#==== HANG 2	265		
10	1738	-153	209
10	1754	-153	209
10	1882	-153	209
10	1898	-153	209
10	1914	-153	209
10	1930	-153	209
10	1994	-153	209
#==== HANG 3	265		
10	1802	-137	209
10	1818	-137	209
10	1834	-137	209
10	1850	-137	209
10	2027	-137	209
10	2106	-137	209
#==== 2 CUC DONG TIEN LE	265		
#====  CUC DONG TIEN LE TREN	265		
10	2074	-169	209
#====  CUC DONG TIEN LE DUOI	265		
10	1962	-121	209
#==== GACH B? ???C ====	265		
23	2217	134	403
23	2232	134	403
23	2247	134	403
23	2262	134	403
23	2277	134	403
23	2292	134	403
23	2307	134	403
23	2352	134	403
23	2367	134	403
23	2232	118	403
23	2247	118	403
23	2262	118	403
23	2277	118	403
23	2292	118	403
23	2352	118	403
23	2247	102	403
23	2262	102	403
23	2277	102	403
20	2292	102	218
#==== G?CH B? L? ====	265		
1	1770	71	402
1	1785	71	402
1	1836	135	402
1	1851	135	402
1	1866	135	402
1	1851	120	402
1	1866	120	402
1	1866	105	402
1	1929	105	402
1	1929	120	402
1	1944	120	402
1	1929	135	402
1	1944	135	402
1	1959	135	402
1	2521	39	402
1	2536	39	402
1	2521	103	402
1	2536	103	402
# --- G?CH CÂU H?I ----	265		
18	441	87	218
18	457	87	218
18	489	39	218
18	505	39	218
18	681	55	218
18	921	121	218
18	969	87	218
20	1705	-137	218
18	1737	103	218
# --- HÀNG G?CH NH? LO?I 1 ----	265		
1	265	150	30
1	281	150	31
1	297	150	31
1	313	150	31
1	329	150	31
1	345	150	31
1	361	150	31
1	377	150	31
1	393	150	31
1	409	150	31
1	425	150	31
1	441	150	31
1	457	150	31
1	473	150	31
1	489	150	31
1	505	150	31
1	521	150	31
1	537	150	31
1	553	150	31
1	569	150	31
1	585	150	31
1	601	150	31
1	617	150	31
1	633	150	31
1	649	150	31
1	665	150	31
1	681	150	31
1	697	150	31
1	713	150	31
1	729	150	31
1	745	150	31
1	761	150	31
1	777	150	31
1	793	150	31
1	809	150	31
1	825	150	31
1	841	150	31
1	857	150	31
1	873	150	32
#==== GACH BU 1 TREN ====	265		
1	889	137	33
1	903	137	34
1	917	137	34
1	931	137	34
1	945	137	34
1	959	137	34
1	973	137	34
1	987	137	34
1	1001	137	34
1	1015	137	34
1	1029	137	34
1	1043	137	34
1	1057	137	34
1	1071	137	34
1	1085	137	34
1	1099	137	34
1	1113	137	34
1	1127	137	34
1	1141	137	34
1	1155	137	34
1	1169	137	34
1	1183	137	34
1	1197	137	34
1	1211	137	34
1	1225	137	34
1	1239	137	34
1	1253	137	34
1	1267	137	34
1	1281	137	34
1	1295	137	34
1	1309	137	34
1	1323	137	34
1	1337	137	35
#==== GACH BU 1 DUOI ====	265		
1	889	152	36
1	903	152	37
1	917	152	37
1	931	152	37
1	945	152	37
1	959	152	37
1	973	152	37
1	987	152	37
1	1001	152	37
1	1015	152	37
1	1029	152	37
1	1043	152	37
1	1057	152	37
1	1071	152	37
1	1085	152	37
1	1099	152	37
1	1113	152	37
1	1127	152	37
1	1141	152	37
1	1155	152	37
1	1169	152	37
1	1183	152	37
1	1197	152	37
1	1211	152	37
1	1225	152	37
1	1239	152	37
1	1253	152	37
1	1267	152	37
1	1281	152	37
1	1295	152	37
1	1309	152	37
1	1323	152	37
1	1337	152	38
# --- HÀNG G?CH NH? LO?I 1 HÀNG 2----	265		
1	1417	150	30
1	1433	150	31
1	1449	150	31
1	1465	150	31
1	1481	150	31
1	1497	150	31
1	1513	150	31
1	1529	150	31
1	1545	150	31
1	1561	150	31
1	1577	150	31
1	1593	150	31
1	1609	150	31
1	1625	150	31
1	1641	150	31
1	1657	150	31
1	1673	150	31
1	1689	150	31
1	1705	150	31
1	1721	150	31
1	1737	150	31
1	1753	150	32
# --- HÀNG G?CH NH? LO?I 1 HÀNG 3----	265		
1	1801	150	30
1	1817	150	31
1	1833	150	31
1	1849	150	31
1	1865	150	31
# --- HÀNG G?CH NH? LO?I 1 HÀNG 4----	265		
1	1929	150	30
1	1945	150	31
1	1961	150	31
1	1977	150	31
1	1993	150	31
1	2009	150	31
1	2025	150	31
1	2041	150	31
1	2057	150	31
1	2073	150	31
1	2089	150	31
1	2105	150	31
1	2121	150	31
1	2137	150	31
1	2153	150	31
1	2169	150	31
1	2185	150	31
1	2201	150	31
1	2217	150	31
1	2233	150	31
1	2249	150	31
1	2265	150	31
1	2281	150	31
1	2297	150	31
1	2313	150	31
1	2329	150	31
1	2345	150	31
1	2361	150	31
1	2377	150	31
1	2393	150	31
1	2409	150	31
1	2425	150	31
1	2441	150	31
1	2457	150	31
1	2473	150	31
1	2487	150	32
# --- HÀNG G?CH NH? LO?I 1 HÀNG 5----	265		
1	2521	150	30
1	2537	150	31
1	2553	150	31
1	2569	150	31
1	2585	150	31
1	2601	150	31
1	2617	150	31
1	2633	150	31
1	2649	150	31
1	2665	150	31
1	2681	150	31
1	2697	150	31
1	2713	150	31
1	2729	150	31
1	2745	150	31
1	2761	150	31
1	2777	150	31
1	2793	150	31
1	2809	150	31
1	2825	150	31
1	2841	150	31
1	2857	150	31
1	2873	150	31
1	2889	150	31
1	2905	150	31
1	2921	150	31
1	2937	150	31
1	2953	150	31
1	2969	150	31
1	2985	150	31
1	3001	150	31
1	3017	150	31
1	3033	150	31
1	3049	150	31
1	3065	150	32
#SECTION 1 END	265		
#SECTION 3	265		
#=== KH?I XANH CAO 1 ===	265		
5	539	70	57
5	555	70	58
5	571	70	59
#==== KH?I ?? 1 ====	265		
5	505	102	48
5	521	102	49
5	537	102	50
#=====H?P TR?NG	265		
5	777	38	39
5	793	38	40
5	809	38	40
5	825	38	41
#=== H?P ??	265		
5	729	70	48
5	745	70	49
5	761	70	49
5	777	70	50
#KH?I XANH LÁ _C?M 2	265		
5	665	102	66
5	681	102	67
5	697	102	67
5	713	102	67
5	729	102	68
#KH?I XANH LÁ 2 _C?M 2	265		
5	778	118	66
5	794	118	67
5	810	118	67
5	826	118	67
5	842	118	67
5	858	118	68
#=====H?P XANH	265		
5	1593	54	57
5	1609	54	58
5	1625	54	58
5	1641	54	58
5	1657	54	58
5	1673	54	58
5	1689	54	59
#=== H?P ??	265		
5	1561	86	48
5	1577	86	49
5	1593	86	49
5	1609	86	49
5	1625	86	49
5	1641	86	49
5	1657	86	50
#H?P XANH	265		
5	1529	118	66
5	1545	118	67
5	1561	118	67
5	1577	118	67
5	1593	118	67
5	1609	118	67
5	1625	118	68
#H?P XANH	265		
5	2441	6	66
5	2457	6	67
5	2473	6	68
#==== KH?I ?? 1 ====	265		
5	2409	102	48
5	2425	102	49
5	2441	102	50
#=======FLOWER RED	265		
13	625	117	216
#=======FLOWER GREEN	265		
21	2065	126	216
#=======FLOWER GREEN CAN SHOOT	265		
22	2129	126	216

# ?NG C?NG 1	265		
6	617	102	80
6	633	102	81
6	618	118	82
6	633	118	83
6	618	134	82
6	633	134	83
#?NG C?NG 2	265		
6	2057	118	80
6	2073	118	81
6	2058	134	82
6	2073	134	83
# ?NG C?NG 3	265		
6	2122	102	80
6	2138	102	81
6	2123	118	82
6	2138	118	83
6	2123	134	82
6	2138	134	83
#?NG C?NG 5	265		
6	2585	118	80
6	2601	118	81
6	2586	134	82
6	2601	134	83
#?NG C?NG B? 4	265		
#KHÚC D??I	265		
6	2522	118	82
6	2537	118	83
6	2522	134	82
6	2537	134	83
# g?ch l?p ?ng	265		
1	2521	103	402
1	2537	103	402
1	2521	38	402
1	2537	38	402
#DOUBLE PIPE BLACK BODY	265		
6	1600	990	407
6	1593	990	407
6	1612	990	408
6	1824	990	407
6	1817	990	407
6	1836	990	408
#DOUBLE PIPE BLACK	265		
6	1594	1003	406
38	1818	1003	406
#ENDSECTION 3	265		
# GOOMBA 	265		
2	489	134	88
2	793	134	88
2	1097	115	88
2	1145	115	88
#GOOMBA_ ?? _BAY	265		
11	1209	100	88
#KOOPA XANH_BAY	265		
7	1593	27	89
7	1641	27	89
7	1690	27	89
#KOOPA XANH_B?	265		
3	1737	123	89
#KOOPA ??_B?	265		
8	841	89	89
8	2361	91	89
#======LEAF 1	265		
16	505	39	219
#==== LEAF 2	265		
16	921	121	219
#==== LEAF 3	265		
16	1737	103	219
#===== MUSHROOM RED	265		
#===== MUSHROOM RED 1	265		
17	505	39	220
#===== MUSHROOM RED 2	265		
17	921	121	220
#===== MUSHROOM RED 3	265		
17	1737	103	220
#===== BELL	265		
24	2292	102	221
# --- COIN CAN MOVE ----	265		
15	441	87	209
15	457	87	209
15	489	39	209
15	681	55	209
15	969	87	209
